4.999437e+03 2.317525e-01 1.758497e-01
5.003435e+03 -6.788118e-02 1.410612e-01
5.007432e+03 -2.649583e-01 1.140063e-01
5.011430e+03 1.383961e-02 1.585956e-01
5.015428e+03 -1.123617e-01 1.453539e-01
5.019426e+03 9.055984e-02 1.740313e-01
5.023423e+03 -2.884653e-01 1.272245e-01
5.027421e+03 -1.203093e-01 1.548846e-01
5.031419e+03 -2.225395e-01 1.448875e-01
5.035417e+03 -4.666212e-01 1.110654e-01
5.039414e+03 -2.481175e-01 1.489788e-01
5.043412e+03 -1.525899e-01 1.647600e-01
5.047410e+03 2.606037e-01 2.116909e-01
5.051408e+03 5.815043e-01 2.424793e-01
5.055405e+03 1.537584e-01 2.069767e-01
5.059403e+03 -3.929877e-01 1.487499e-01
5.063401e+03 1.515141e-01 2.122867e-01
5.067399e+03 3.080157e-01 2.290956e-01
5.071396e+03 3.904687e-01 2.386210e-01
5.075394e+03 -3.832748e-01 1.647518e-01
5.079392e+03 -2.095890e-02 2.068389e-01
5.083390e+03 -1.028300e-01 2.016072e-01
5.087387e+03 2.265699e-01 2.344113e-01
5.091385e+03 5.764971e-01 2.646881e-01
5.095383e+03 1.760983e-02 2.209139e-01
5.099381e+03 6.655664e-01 2.753218e-01
5.103378e+03 -4.597587e-02 2.200029e-01
5.107376e+03 -2.758586e-01 2.006101e-01
5.111374e+03 6.007701e-02 2.338709e-01
5.115372e+03 -1.526134e-01 2.171975e-01
5.119369e+03 -1.570715e-01 2.189839e-01
5.123367e+03 -2.028430e-01 2.169080e-01
5.127365e+03 -6.067250e-02 2.315777e-01
5.131363e+03 2.088933e-01 2.554749e-01
5.135360e+03 -5.676939e-01 1.871432e-01
5.139358e+03 1.356162e-01 2.528512e-01
5.143356e+03 -1.624297e-01 2.296713e-01
5.147354e+03 2.102160e-01 2.614346e-01
5.151351e+03 7.413959e-01 3.004051e-01
5.155349e+03 5.453515e-01 2.881014e-01
5.159347e+03 6.089198e-01 2.934238e-01
5.163345e+03 6.462383e-01 2.968042e-01
5.167342e+03 1.522338e+00 3.515507e-01
5.171340e+03 1.612147e+00 3.571820e-01
5.175338e+03 1.884394e+00 3.725777e-01
5.179336e+03 2.940401e+00 4.258466e-01
5.183333e+03 3.254085e+00 4.406002e-01
5.187331e+03 4.116564e+00 4.783385e-01
5.191329e+03 4.786649e+00 5.057023e-01
5.195327e+03 3.938147e+00 4.710223e-01
5.199324e+03 3.661863e+00 4.591526e-01
5.203322e+03 3.935299e+00 4.708634e-01
5.207320e+03 3.840051e+00 4.666899e-01
5.211318e+03 3.246312e+00 4.403301e-01
5.215315e+03 2.506172e+00 4.050553e-01
5.219313e+03 2.617416e+00 4.101816e-01
5.223311e+03 2.224327e+00 3.901283e-01
5.227309e+03 1.472084e+00 3.489001e-01
5.231306e+03 1.595261e+00 3.552836e-01
5.235304e+03 1.021532e+00 3.206144e-01
5.239302e+03 5.393633e-01 2.880500e-01
5.243300e+03 7.582121e-02 2.526815e-01
5.247297e+03 3.324697e-01 2.710776e-01
5.251295e+03 3.194683e-01 2.688611e-01
5.255293e+03 6.386730e-01 2.904021e-01
5.259291e+03 1.088407e-01 2.497530e-01
5.263288e+03 4.114232e-01 2.714327e-01
5.267286e+03 -1.375282e-01 2.255547e-01
5.271284e+03 -2.552659e-01 2.128052e-01
5.275282e+03 1.303583e-01 2.445347e-01
5.279279e+03 4.146909e-01 2.649989e-01
5.283277e+03 -1.652502e-02 2.280341e-01
5.287275e+03 -3.566444e-01 1.933668e-01
5.291273e+03 -3.322259e-01 1.932301e-01
5.295270e+03 -1.513257e-01 2.086169e-01
5.299268e+03 -9.040233e-02 2.118589e-01
5.303266e+03 -1.483145e-01 2.036550e-01
5.307264e+03 -8.419844e-03 2.143887e-01
5.311261e+03 -5.637535e-02 2.071755e-01
5.315259e+03 2.268594e-01 2.304709e-01
5.319257e+03 4.932296e-01 2.502559e-01
5.323255e+03 -4.687208e-01 1.516548e-01
5.327252e+03 -1.809479e-01 1.826316e-01
5.331250e+03 -1.386045e-01 1.840909e-01
5.335248e+03 4.558176e-03 1.961037e-01
5.339245e+03 5.148617e-02 1.979287e-01
5.343243e+03 -2.234664e-01 1.643867e-01
5.347241e+03 -1.463503e-01 1.701708e-01
5.351239e+03 -3.540881e-02 1.795920e-01
5.355236e+03 2.668138e-01 2.078664e-01
5.359234e+03 1.317468e-02 1.787166e-01
5.363232e+03 -2.537650e-01 1.419534e-01
5.367230e+03 -5.724267e-02 1.640547e-01
5.371227e+03 1.278058e-01 1.822995e-01
5.375225e+03 3.547499e-03 1.649129e-01
5.379223e+03 5.115220e-02 1.674856e-01
5.383221e+03 5.211915e-01 2.140621e-01
5.387218e+03 -2.375615e-01 1.202569e-01
5.391216e+03 6.387016e-02 1.597776e-01
5.395214e+03 4.762650e-01 2.026230e-01
